image: ./map2.pgm
resolution: 0.05
origin: [-2.714416, 11.215076, 0.0]
negate: 0
occupied_thresh: 0.65
free_thresh: 0.196
