image: ./map3.pgm
resolution: 0.05
origin: [-3.460652, -1.855061, 0.0]
negate: 0
occupied_thresh: 0.65
free_thresh: 0.196
