image: ./mymap_nakaniwa_sim_trim2.pgm
resolution: 0.05
origin: [9.893817298910541, -1.8299922576737004, 0.0]
negate: 0
occupied_thresh: 0.65
free_thresh: 0.196
