image: ./mymap_nakaniwa_sim_trim1.pgm
resolution: 0.05
origin: [-2.930075820206912, -1.7572864036402962, 0.0]
negate: 0
occupied_thresh: 0.65
free_thresh: 0.196
