waypoints:
    - point:
        x: 18.21158647998103
        y: 36.42184957471486
        z: 0
    - point:
        x: 1.76086911316711
        y: 38.95085578237928
        z: 0
    - point:
        x: -3.1276743054337635
        y: 39.08800880326174
        z: 0
    - point:
        x: -19.783963189057797
        y: 37.37365525891603
        z: 0
