waypoints:
    - point:
        x: -17.210417861457667
        y: -36.775310959366905
        z: 0
    - point:
        x: -0.7597076573148678
        y: -39.30431609698043
        z: 0
    - point:
        x: 4.128833666260645
        y: -39.441468934667
        z: 0
    - point:
        x: 20.785115530495577
        y: -37.727115244756035
        z: 0
