waypoints:
    - point:
        x: 18.21158647998103
        y: 36.02184957471486
        z: 0
    - point:
        x: 1.76086911316711
        y: 36.05085578237928
        z: 0
    - point:
        x: -3.1276743054337635
        y: 36.08800880326174
        z: 0
    - point:
        x: -19.783963189057797
        y: 36.37365525891603
        z: 0
