waypoints:
    - point:
        x: 29.14919372220029
        y: 47.36885018034811
        z: 0
    - point:
        x: 12.698406199031355
        y: 49.89785087429155
        z: 0
    - point:
        x: 7.809840987069169
        y: 50.03500098564435
        z: 0
    - point:
        x: -8.84652550853604
        y: 48.32063301437084
        z: 0
