waypoints:
    - point:
        x: 22.60907195305839
        y: -39.945826710351724
        z: 0
    - point:
        x: 5.9528029037450185
        y: -39.66018020550948
        z: 0
    - point:
        x: 1.0642653655773717
        y: -39.523027560557075
        z: 0
    - point:
        x: -15.386432021651594
        y: -36.99402387839494
        z: 0
