image: ./map4.pgm
resolution: 0.1
origin: [-656.780355, 69.315727, 0.0]
negate: 0
occupied_thresh: 0.65
free_thresh: 0.196
