image: ./map5.pgm
resolution: 0.1
origin: [-660.628781, 219.827067, 0.0]
negate: 0
occupied_thresh: 0.65
free_thresh: 0.196
