image: ./map7.pgm
resolution: 0.1
origin: [-432.003566, -21.647546, 0.0]
negate: 0
occupied_thresh: 0.65
free_thresh: 0.196
