image: ./merged_map.pgm
resolution: 0.1
origin: [-660.628780521814, -107.81257048903777, 0]
negate: 0
occupied_thresh: 0.65
free_thresh: 0.196
