image: ./map1_trim.pgm
resolution: 0.05
origin: [-40.19233058725459, -40.12735356702431, 0.0]
negate: 0
occupied_thresh: 0.65
free_thresh: 0.196
